0.png -0.0026569604 -0.0051537063 0.05519689 -0.2297953 0.018808343 0.0014134515 0.9730562
1.png 0.103023164 -9.663105E-4 0.062948905 -0.22896132 0.06925641 0.017927695 0.97080314
2.png -0.090346605 -0.0018571997 0.031525716 -0.21919963 -0.09659447 -0.020364445 0.9706731
3.png -0.007938487 0.045101747 0.0717711 -0.29453364 0.016365051 0.012133101 0.95542395
4.png -0.1394993 0.13077669 0.02800477 -0.3360965 -0.17578061 -0.061520517 0.923231
5.png 0.0024795232 0.12858246 0.063637495 -0.35399425 -0.015713165 -0.0068085142 0.9350908
6.png -0.094501756 -0.08569107 0.16475374 -0.11185953 -0.11402957 -0.016185764 0.98702717
7.png 0.15077038 0.048697364 0.14560361 -0.26058832 0.120869964 0.064876646 0.9556544
8.png 0.12436986 0.1267805 0.084718905 -0.3230801 0.15203623 0.0969194 0.9290376
9.png -0.01575333 0.08912696 0.08722241 -0.33289477 -0.0038246382 0.013832683 0.94285476
10.png -0.1807324 0.06766919 0.063880436 -0.29450962 -0.19594263 -0.09198649 0.9308109
11.png -0.07782104 0.13275272 0.04824895 -0.3541683 -0.0838813 -0.033616118 0.93080544
12.png -0.016201258 0.023862131 0.15138128 -0.23223367 -0.008546525 -0.006740779 0.97259915
13.png 0.12557344 0.101075605 0.32176995 -0.22889292 0.06284053 0.0044545587 0.971411
14.png 0.2279924 0.10534789 0.29559743 -0.22996205 0.11791954 0.0514523 0.96465796
15.png -0.013062635 0.13257204 0.31758636 -0.26267764 9.48222E-5 0.0011685507 0.96488285
16.png -0.2455131 0.15391436 0.28559858 -0.26752186 -0.16234829 -0.06043422 0.94785166
17.png 0.025606368 0.10050428 0.122047395 -0.30831444 0.020292543 0.023276407 0.95078313
18.png -0.079417266 -0.10883239 0.2821589 -0.07013807 -0.080980316 -0.007740278 0.99421465
19.png -0.04673996 0.034744322 0.20846577 -0.19922501 -0.050417617 -0.0084721055 0.9786193
20.png -0.2524724 0.093945414 0.16905925 -0.21718845 -0.22138238 -0.064108044 0.94852996
21.png 0.11336818 0.024311021 0.1040422 -0.23604822 0.12497601 0.055389088 0.9620781
