-0.037684154 0.008415863 0.29930985 -0.3034592 -0.004373068 0.038543686 0.9520545
0.60308474 -0.0055001713 -0.002635658 -0.33675593 0.26095867 0.12093552 0.89658827
0.3323882 0.02660665 0.30600333 -0.21511099 -0.06402445 -0.004916586 0.9744762
0.02711039 0.16734119 0.15508212 -0.3585456 0.030690623 0.0013768692 0.9330066
-0.4069019 -0.0018985271 -0.18786466 -0.39651063 -0.18467967 -0.06783511 0.89670014
-0.261385 -0.21608746 -0.48216116 -0.42888564 -0.24250674 -0.100578606 0.86436766
0.28406423 -0.13279699 -0.62908155 -0.48528332 0.16220963 0.11492714 0.85145754
0.5141085 0.043654233 0.24678808 -0.2904622 0.029718483 0.026219083 0.95606536
-0.3093884 0.1124458 0.7052394 -0.26568553 -0.12086937 -0.03126854 0.95594144
-0.9182495 0.15630373 0.42950478 -0.2580458 -0.31771588 -0.10026316 0.9068717
0.14731207 -0.38297093 0.20451534 -0.21831828 0.021429494 0.007580246 0.9756128
0.54770976 -0.26511616 -0.12622449 -0.28954396 0.2557649 0.11255998 0.9154664
-0.25039902 0.054050714 -0.35233846 -0.32920843 -0.25140327 -0.08033976 0.9066221
